        Rank        RMSE       MaxAE  Feature_ID
           1    0.003268    0.004656  (       3       8)
           2    0.004235    0.005166  (       2       9)
           3    0.005273    0.006898  (       5       8)
           4    0.005682    0.008797  (       2       8)
           5    0.006453    0.009348  (       3       9)
           6    0.006571    0.010243  (       2      14)
           7    0.007851    0.011357  (       2      11)
           8    0.007865    0.011493  (       2      10)
           9    0.009183    0.014710  (       3      14)
          10    0.009243    0.014064  (       4      13)
          11    0.010323    0.015828  (       3      11)
          12    0.010353    0.015964  (       3      10)
          13    0.010452    0.015867  (       2      13)
          14    0.010991    0.013698  (       7       8)
          15    0.011863    0.018222  (       4      10)
          16    0.011912    0.018373  (       4      11)
          17    0.013006    0.020394  (       3      13)
          18    0.013195    0.019455  (       4      14)
          19    0.013829    0.021475  (       5       9)
          20    0.014577    0.021852  (       5      12)
          21    0.015785    0.024370  (       4       9)
          22    0.016753    0.027045  (       5      14)
          23    0.017110    0.022708  (       7      12)
          24    0.017822    0.028173  (       5      11)
          25    0.017859    0.028305  (       5      10)
          26    0.018242    0.028261  (       7       9)
          27    0.020559    0.032864  (       5      13)
          28    0.021369    0.031764  (       3      12)
          29    0.021942    0.034423  (       7      14)
          30    0.022059    0.035555  (       7      11)
          31    0.022172    0.035700  (       7      10)
          32    0.023747    0.035268  (       2      12)
          33    0.024248    0.037050  (       4       8)
          34    0.024455    0.040703  (       1       8)
          35    0.024457    0.037493  (       1       9)
          36    0.024849    0.040668  (       7      13)
          37    0.025218    0.036158  (       1      11)
          38    0.025346    0.036352  (       1      10)
          39    0.026162    0.035603  (       1      13)
          40    0.026423    0.039140  (       1      14)
          41    0.032293    0.050813  (       1      12)
          42    0.041955    0.060109  (       4      12)
          43    0.060057    0.094465  (       6      13)
          44    0.062123    0.097379  (       6      10)
          45    0.062233    0.097514  (       6      11)
          46    0.062826    0.098462  (       6      14)
          47    0.065226    0.101558  (       6       9)
          48    0.071728    0.109508  (       6       8)
          49    0.084520    0.120812  (       6      12)
          50    0.088034    0.152205  (       5       7)
          51    0.089356    0.143513  (       3       7)
          52    0.089573    0.152620  (       1       7)
          53    0.091659    0.152232  (       2       7)
          54    0.100925    0.183485  (       1       6)
          55    0.104078    0.189107  (       5       6)
          56    0.104491    0.190017  (       3       6)
          57    0.104520    0.190078  (       2       6)
          58    0.104613    0.175980  (       1       5)
          59    0.104772    0.175500  (       1       4)
          60    0.104780    0.176708  (       1       3)
          61    0.104831    0.177887  (       1       2)
          62    0.105034    0.191031  (       2       3)
          63    0.106631    0.193036  (       2       5)
          64    0.107347    0.195054  (       6       7)
          65    0.107360    0.193665  (       3       5)
          66    0.107772    0.195679  (       4       6)
          67    0.108317    0.188904  (       2       4)
          68    0.108488    0.197481  (       4       7)
          69    0.108828    0.191358  (       3       4)
          70    0.109245    0.193530  (       4       5)
          71    0.287746    0.428211  (      10      11)
          72    0.497791    0.905790  (       9      14)
          73    0.573436    0.942086  (      10      14)
          74    0.682470    1.154284  (      11      14)
          75    0.687498    1.316292  (       8      14)
          76    0.744583    1.416553  (       9      11)
          77    0.746717    1.422860  (      10      13)
          78    0.755617    1.438350  (      12      14)
          79    0.780313    1.484434  (       9      13)
          80    0.781174    1.485205  (       8      11)
          81    0.790465    1.502600  (       8      13)
          82    0.793469    1.507068  (      11      12)
          83    0.796648    1.513363  (      12      13)
          84    0.798325    1.517270  (       8       9)
          85    0.799968    1.520043  (       8      10)
          86    0.800568    1.521173  (       9      12)
          87    0.800939    1.521819  (      10      12)
          88    0.801576    1.523135  (       8      12)
          89    0.803558    1.525718  (       9      10)
          90    0.834625    1.574876  (      11      13)
          91    1.069886    1.340118  (      13      14)
