        Rank        RMSE       MaxAE  Feature_ID
           1    0.000083    0.000137  (       5      12      16)
           2    0.000097    0.000147  (       4       5      11)
           3    0.000100    0.000165  (       5      12      20)
           4    0.000107    0.000178  (       6      12      17)
           5    0.000109    0.000182  (       6      12      18)
           6    0.000153    0.000253  (       5      12      19)
           7    0.000173    0.000258  (       3       4      10)
           8    0.000189    0.000278  (       2       4      13)
           9    0.000209    0.000347  (       5      12      21)
          10    0.000218    0.000327  (       3       4      13)
          11    0.000222    0.000363  (       9      17      18)
          12    0.000241    0.000382  (       3       5      14)
          13    0.000243    0.000369  (       4       5      10)
          14    0.000265    0.000440  (       5      12      17)
          15    0.000300    0.000499  (       5      12      18)
          16    0.000320    0.000478  (       3       4      11)
          17    0.000323    0.000489  (       4       5       9)
          18    0.000341    0.000567  (       5       6      12)
          19    0.000344    0.000573  (       5      12      15)
          20    0.000362    0.000602  (       6      12      15)
          21    0.000405    0.000659  (      10      17      18)
          22    0.000442    0.000735  (       6      12      21)
          23    0.000456    0.000672  (       2       4      14)
          24    0.000527    0.000856  (      11      17      18)
          25    0.000542    0.000825  (       4       5      13)
          26    0.000692    0.001015  (       2       4      10)
          27    0.000819    0.001097  (       3       7       8)
          28    0.000841    0.001233  (       2       4      11)
          29    0.000872    0.001301  (       3       4       9)
          30    0.000894    0.001450  (      13      17      18)
          31    0.001006    0.001622  (       3      12      14)
          32    0.001037    0.001561  (       3       4      14)
          33    0.001071    0.001714  (       2       5      14)
          34    0.001100    0.001802  (      14      17      18)
          35    0.001116    0.001848  (       2      12      19)
          36    0.001152    0.001907  (       3      12      19)
          37    0.001167    0.001935  (       6      12      16)
          38    0.001207    0.001998  (       2      12      20)
          39    0.001234    0.002043  (       3      12      20)
          40    0.001289    0.002076  (       2      12      14)
          41    0.001344    0.002210  (       2       6       8)
          42    0.001377    0.002167  (       4       9      11)
          43    0.001454    0.002390  (       3       6       8)
          44    0.001471    0.002478  (       1      17      21)
          45    0.001473    0.002446  (       2       3      12)
          46    0.001475    0.002419  (       2       8      15)
          47    0.001490    0.002444  (       2       8      18)
          48    0.001495    0.002483  (       3      12      16)
          49    0.001498    0.002487  (       2      12      16)
          50    0.001498    0.002457  (       2       8      17)
          51    0.001501    0.002294  (       4       5      14)
          52    0.001513    0.002057  (       2      13      14)
          53    0.001517    0.002486  (       2       8      21)
          54    0.001518    0.002491  (       3       8      15)
          55    0.001527    0.002504  (       3       8      18)
          56    0.001531    0.002510  (       3       8      17)
          57    0.001541    0.002525  (       3       8      21)
          58    0.001558    0.002294  (       2       4       9)
          59    0.001566    0.002564  (       2       8      16)
          60    0.001567    0.002565  (       3       8      16)
          61    0.001567    0.002566  (       2       3       8)
          62    0.001576    0.002475  (       3       5      13)
          63    0.001577    0.002384  (       4       5       8)
          64    0.001581    0.002541  (       7       9      14)
          65    0.001583    0.002498  (       4      10      13)
          66    0.001595    0.002505  (       3       5      10)
          67    0.001597    0.002611  (       3       8      20)
          68    0.001601    0.002629  (       8      17      18)
          69    0.001610    0.002630  (       3       8      19)
          70    0.001624    0.002656  (       2       8      20)
          71    0.001628    0.002623  (       5      12      14)
          72    0.001649    0.002694  (       2       8      19)
          73    0.001664    0.002710  (       3       8      14)
          74    0.001670    0.002627  (       3      10      13)
          75    0.001684    0.002669  (       4       8      11)
          76    0.001687    0.002806  (       3      12      21)
          77    0.001689    0.002302  (       4      13      14)
          78    0.001711    0.002846  (       2      12      21)
          79    0.001724    0.002712  (       5      10      13)
          80    0.001735    0.002722  (       3       5      11)
          81    0.001742    0.002733  (       3       5       9)
          82    0.001745    0.002764  (       4       9      13)
          83    0.001752    0.002854  (       2       8      14)
          84    0.001753    0.002752  (       3       9      11)
          85    0.001766    0.002939  (       3      12      17)
          86    0.001767    0.002773  (       5       9      11)
          87    0.001779    0.002825  (       4      11      12)
          88    0.001799    0.002994  (       2      12      17)
          89    0.001800    0.002997  (       3      12      18)
          90    0.001819    0.002887  (       4       8      13)
          91    0.001830    0.002987  (       3      14      19)
          92    0.001836    0.003057  (       2      12      18)
          93    0.001858    0.002952  (       4      12      13)
          94    0.001870    0.003051  (       2      14      19)
          95    0.001870    0.003053  (       3      14      20)
          96    0.001871    0.003116  (       3      12      15)
          97    0.001897    0.002997  (       3       9      13)
          98    0.001897    0.003098  (       2      14      20)
          99    0.001915    0.003190  (       2      12      15)
         100    0.001930    0.003068  (       4       9      10)
