Model_ID, [(c_i,i=0,n)_j,j=1,ntask]
           1    0.6547943803E+00   -0.2813852886E+01    0.2638598223E-01    0.4721473413E-02
           2    0.6781322860E+00    0.1483762489E+01   -0.1156767698E+01    0.3405072802E-02
           3    0.6563705862E+00   -0.2822110944E+01    0.2627937583E-01    0.3542080508E-02
           4    0.6562623115E+00    0.8694024465E+01    0.2629715431E-01    0.2124739537E-01
           5    0.6560493168E+00    0.8311600413E+01    0.2628677203E-01    0.9378780197E+01
           6    0.6544586566E+00   -0.2816632125E+01    0.2641634092E-01    0.3631997143E-02
           7    0.6801895408E+00    0.3435075656E+01    0.1152921682E+01    0.1088005385E-01
           8    0.6913424288E+01   -0.6232158221E+01    0.1316385248E+01    0.9163233216E-02
           9    0.6558849987E+00   -0.2823696594E+01    0.2629919573E-01    0.4629719219E-02
          10    0.6805039120E+00    0.2678924546E+01    0.1450099288E+01    0.9186523817E-02
          11    0.6803528080E+00    0.8931723276E-02   -0.4759624057E+00    0.2167440301E+03
          12    0.6719486941E+00    0.1426725579E+02    0.3507842210E+01    0.9332254209E-02
          13    0.6791937875E+00    0.1486686642E+01   -0.1151880470E+01    0.1091555672E-01
          14    0.6557715571E+00   -0.2819435451E+01    0.2631058945E-01    0.3598695548E-02
          15    0.6557382964E+00   -0.2797634291E+01    0.2630858236E-01    0.1648657667E+01
          16    0.6791337035E+00    0.3448120933E+01    0.1149165041E+01    0.3393938867E-02
          17    0.6774235095E+00    0.1151453713E+01   -0.1533415882E+01    0.9219972395E-02
          18    0.6556724987E+00   -0.3394267366E+01   -0.1772557901E+01    0.2631312383E-01
          19    0.6553347860E+00   -0.2805085080E+01    0.2633963277E-01    0.9990428805E-02
          20    0.6537267042E+00    0.8439112217E+01    0.2646588984E-01    0.5755494016E-01
          21    0.6842772386E+00    0.1049687871E-01   -0.4778478091E+00    0.2172100298E+03
          22    0.6569452809E+00    0.8772162372E+01    0.2622851340E-01    0.2753674469E-01
          23    0.9540547653E+01   -0.8870593470E+01    0.8235766772E+00    0.9390960906E-02
          24    0.6832301366E+00    0.3274883282E-02   -0.4780750766E+00    0.2173217562E+03
          25    0.6797241544E+00    0.1711991886E+01   -0.8964748063E+00    0.9209829800E-02
          26    0.8653470936E+01   -0.7972313191E+01    0.9850204303E+00    0.1084462238E-01
          27    0.6692716745E+00    0.4939047486E+01    0.9461824979E+00    0.9389824999E-02
          28    0.8678326703E+01   -0.7998220676E+01    0.9814375465E+00    0.3382834674E-02
          29    0.6787481528E+00    0.4561451250E+01    0.7115614293E+00    0.9179826071E-02
          30    0.6862498331E+00    0.8813330566E-02   -0.4792581490E+00    0.2175943442E+03
          31    0.6688886346E+00    0.6394547482E+01    0.7400411237E-02    0.6665209440E-02
          32    0.6688158592E+00    0.3807926843E+01    0.1015874605E+01    0.9424691985E-02
          33    0.2236306702E+02   -0.2168975926E+02    0.1832516348E+01    0.9293590733E-02
          34    0.6725655591E+00    0.9107912795E-02   -0.4789639389E+00    0.2177943680E+03
          35    0.1360381416E+02   -0.1295275560E+02    0.2666958050E-01    0.5919116119E-02
          36    0.6513324128E+00    0.6286679317E+01    0.2664744007E-01    0.5322288038E-02
          37    0.6505566483E+00    0.8593338288E+01    0.2673567797E-01    0.2760161875E-01
          38    0.1364801618E+02   -0.1299384589E+02    0.2644630936E-01    0.5778391856E-02
          39    0.6541305630E+00    0.6304605028E+01    0.2644661790E-01    0.5193953069E-02
          40    0.1387079194E+02   -0.1320017870E+02    0.5236945251E-02    0.7421492185E-02
          41    0.1487139073E+02   -0.1419763381E+02   -0.7179610028E+00    0.9277049936E-02
          42    0.6802227882E+00    0.2503988547E+01   -0.2796463187E-01    0.1373272559E-01
          43    0.6739357567E+00    0.6635094236E+01   -0.3663408383E+00    0.9272209629E-02
          44    0.6983731373E+00   -0.6454487048E+01   -0.6159801227E+01    0.7932215549E+01
          45   -0.1147343592E+03    0.1153881454E+03    0.6229082435E+02    0.2644748519E-01
          46    0.1377684284E+02   -0.1310297427E+02    0.9273663994E-02    0.3499305300E-02
          47    0.1376492562E+02   -0.1309092006E+02    0.9269628145E-02    0.5768930130E+00
          48    0.6518429768E+00    0.6277577844E+01    0.2659997259E-01    0.6908439828E-02
          49    0.1358353172E+02   -0.1293190663E+02    0.2661708289E-01    0.7682745129E-02
          50    0.1380003308E+02   -0.1312602080E+02    0.9269953723E-02    0.1264557625E-02
          51    0.6676585995E+00    0.1389122544E+01   -0.1273132938E+01    0.9458314490E-02
          52    0.1393180377E+02   -0.1327989497E+02   -0.1474001660E-01    0.2449596616E-01
          53    0.1380692185E+02   -0.1313287188E+02    0.9268388625E-02    0.1627632205E-02
          54    0.6739923297E+00    0.6363823621E+01    0.9270194351E-02    0.1845786557E-02
          55    0.6740651466E+00    0.6360737184E+01    0.9268011038E-02    0.3042073793E+00
          56    0.6740690872E+00    0.6369717350E+01    0.9268149803E-02    0.6657182949E-03
          57    0.6740896186E+00    0.6371461462E+01    0.9267260413E-02    0.8559077659E-03
          58    0.1123660891E+02   -0.1055657914E+02    0.4942191521E+00    0.9139742486E-02
          59    0.1379085071E+02   -0.1311714853E+02    0.9278386738E-02    0.1644937042E-02
          60    0.6739088600E+00    0.6367441732E+01    0.9272332940E-02    0.8634799507E-03
          61   -0.1381828008E+02    0.1449241738E+02    0.1340247831E+02    0.9265635930E-02
          62    0.6848492095E+00    0.1741627136E+02    0.4920781392E+01    0.9057965935E-02
          63    0.6737057910E+00    0.4213051251E+00   -0.2364090736E+01    0.9269458415E-02
          64    0.7046985706E+00    0.4124193620E+01    0.5884804528E-01   -0.5017523912E-01
          65    0.6814657420E+00    0.2502378461E+01   -0.3756895783E-01    0.4090866469E-01
          66    0.6836680552E+00    0.1513742629E+02    0.3905622491E+01    0.1075894473E-01
          67    0.6741863345E+00    0.6370731343E+01    0.9265020561E-02    0.6481127270E-03
          68    0.6717445221E+00    0.9125803749E-02   -0.4717055391E+00    0.2156808613E+03
          69    0.6738615955E+00    0.6368561054E+01    0.9273484679E-02    0.6579381534E-03
          70    0.1380435574E+02   -0.1313012856E+02    0.9264845686E-02    0.1238680564E-02
          71    0.6663952519E+00   -0.2849169838E+01    0.1342525823E-01    0.4493753090E-02
          72    0.1379520392E+02   -0.1312159948E+02    0.9281200654E-02    0.1258541189E-02
          73    0.6743006351E+00    0.6384958066E+01    0.7018277914E-02    0.2243632526E-02
          74    0.6791304976E+00    0.6370097275E+01    0.5210262710E-01   -0.3480711219E-01
          75    0.6822219957E+00    0.2501217553E+01   -0.8713879424E-02    0.6605374099E-02
          76    0.6534334292E+00    0.6309735129E+01    0.2647243714E-01    0.6781172952E-02
          77    0.7070294644E+00    0.2480425881E+01    0.3016684693E-01   -0.2152405926E-01
          78    0.1365901696E+02   -0.1300562419E+02    0.2647544006E-01    0.7546019008E-02
          79    0.6758282723E+00   -0.2837693381E+01    0.8217590936E-01   -0.6012576995E-01
          80    0.6826186482E+00    0.1509566879E+02    0.3885433856E+01    0.3356274689E-02
          81    0.6809312277E+00    0.1171799474E+02    0.2380833442E+01    0.9117469016E-02
          82    0.6827823565E+00    0.2500421170E+01   -0.1265599112E-01    0.2185214085E-01
          83    0.1386121658E+02   -0.1318677713E+02    0.4936100715E-02    0.4323626088E-02
          84    0.6782627688E+00    0.6373286817E+01    0.2353734909E-01   -0.5308153177E-02
          85    0.6532757488E+00    0.6295790259E+01    0.2648814866E-01    0.5266082812E-02
          86    0.6750785992E+00   -0.2839009980E+01    0.4074093355E-01   -0.1164103948E-01
          87    0.6828586084E+00    0.2500316299E+01    0.4664574000E-02   -0.9455611852E-02
          88    0.1362686579E+02   -0.1297364867E+02    0.2649298276E-01    0.5858733057E-02
          89    0.6532565069E+00    0.6224809847E+01    0.2648300629E-01    0.2403708788E+01
          90    0.6832047904E+00    0.2499835017E+01   -0.5507464069E-02    0.1468092954E-01
          91    0.6756256705E+00    0.6436179371E+01    0.9229281849E-02   -0.2018668628E-02
          92    0.1346432038E+02   -0.1281112407E+02    0.2648724280E-01    0.2670869353E+01
          93    0.6834511861E+00    0.2499483740E+01   -0.6700569483E-02    0.1162405608E-01
          94    0.1393640246E+02   -0.1326103508E+02    0.9237034774E-02   -0.1413938719E-02
          95    0.6746243942E+00    0.6429752255E+01    0.9255917258E-02   -0.1989291425E-02
          96    0.6526606593E+00    0.6249012958E+01    0.2652846687E-01    0.1458044806E-01
          97    0.6772919219E+00    0.6376954593E+01    0.1759873820E-01   -0.8425258735E-02
          98    0.1392643417E+02   -0.1325176847E+02    0.9255734135E-02   -0.1393205844E-02
          99    0.1351902850E+02   -0.1286649512E+02    0.2653785935E-01    0.1620836459E-01
         100    0.6843020063E+00    0.2498195581E+01   -0.2719041124E-01    0.4310599212E-01
