Model_ID, [(c_i,i=0,n)_j,j=1,ntask]
           1    0.6748801072E+00    0.6364806189E+01    0.9191542114E-02
           2    0.1388487923E+02   -0.1320258671E+02    0.9129370500E-02
           3    0.6753306797E+00   -0.2855494930E+01    0.9315296904E-02
           4    0.1378221325E+02   -0.1310664935E+02    0.9124437031E-02
           5    0.6819047786E+00    0.6411416814E+01    0.9179096354E-02
           6    0.1395331631E+02   -0.1327938798E+02    0.9359487259E-02
           7    0.1393686938E+02   -0.1325197339E+02    0.3366516413E-02
           8    0.1393123553E+02   -0.1324527332E+02    0.1079191515E-01
           9    0.6735942546E+00    0.6448767184E+01    0.9403774879E-02
          10    0.6755363232E+00    0.2480341745E+01    0.9231590669E-02
          11    0.6846341470E+00    0.6435360877E+01    0.3381886092E-02
          12    0.6857075700E+00    0.6432088995E+01    0.1084096998E-01
          13    0.1396601906E+02   -0.1327807650E+02    0.9082478504E-02
          14    0.6499778225E+00    0.4223340289E+01    0.1007553889E-01
          15    0.6741140813E+00    0.2473794912E+01    0.1092019018E-01
          16    0.6730365101E+00    0.2475056960E+01    0.3406353303E-02
          17    0.6877720949E+00    0.6447966881E+01    0.9118238085E-02
          18    0.6622159082E+00    0.2480067242E+01    0.9449778952E-02
          19    0.6831747023E+00   -0.2876270872E+01    0.9252273035E-02
          20    0.6639306678E+00   -0.2810277944E+01    0.2462548938E-01
          21    0.6712861370E+00    0.2465310115E+01    0.9177302047E-02
          22    0.6750756954E+00   -0.2892982535E+01    0.9460568631E-02
          23    0.6378580867E+00    0.4151072014E+01    0.2664204379E-01
          24    0.6862579441E+00   -0.2886877844E+01    0.3400159193E-02
          25    0.6873400503E+00   -0.2885399470E+01    0.1089920062E-01
          26    0.6583863270E+00    0.4256450025E+01    0.1000568328E-01
          27    0.6896386424E+00   -0.2892399883E+01    0.9151056070E-02
          28    0.6653068195E+00    0.6265115942E+01    0.2402726147E-01
          29    0.6497197895E+00    0.4282932568E+01    0.1021906103E-01
          30    0.6616633486E+00    0.4273359171E+01    0.3677270545E-02
          31    0.6628650832E+00    0.4270973642E+01    0.1178547236E-01
          32    0.1356935037E+02   -0.1290271675E+02    0.2375746447E-01
          33    0.6664938520E+00    0.2446663836E+01    0.9044223103E-02
          34    0.6319352933E+00   -0.1816702548E+01    0.8594709096E-02
          35    0.6380426495E+00   -0.1829201534E+01    0.8590349072E-02
          36    0.6653180869E+00    0.4282122385E+01    0.9895310635E-02
          37    0.6403265498E+00   -0.1835647871E+01    0.3167212765E-02
          38    0.6413874630E+00   -0.1834759555E+01    0.1015016826E-01
          39    0.6431426686E+00   -0.1839038810E+01    0.8541140105E-02
          40    0.6304206533E+00   -0.1839019306E+01    0.8770224134E-02
          41    0.6239553102E+00   -0.1790089303E+01    0.2242903997E-01
          42    0.6620208332E+00    0.2408743173E+01    0.2284889788E-01
          43    0.7013885647E+00    0.8699829854E+01    0.7963930665E-02
          44    0.7013903631E+00    0.8677597913E+01    0.9310285414E-02
          45    0.7005607475E+00    0.8681237094E+01    0.2901807522E-02
          46    0.6917258996E+00    0.8695646084E+01    0.8023875504E-02
          47    0.7009049255E+00    0.8649069404E+01    0.7682142706E-02
          48    0.7012070708E+00    0.8589973391E+01    0.7266573013E-02
          49    0.7075051823E+00    0.8485136006E+01    0.1663088455E-01
          50    0.8724598721E+00   -0.1590628717E+02   -0.1932813752E+02
          51    0.8473342169E+00    0.2891192451E+02   -0.1498741215E+02
          52    0.6679021626E+00   -0.5704723097E+01   -0.9058243067E+01
          53    0.5231329808E+02   -0.5147479518E+02   -0.1239046232E+02
          54    0.7676424417E+00   -0.1143371794E+01    0.3136183236E+01
          55    0.8010928919E+00   -0.1500392989E+01    0.4025712900E+01
          56    0.8001823104E+00    0.3588655490E+01    0.3693802466E+01
          57    0.8463395558E+01   -0.7663274238E+01    0.3513885888E+01
          58    0.7382161339E+00   -0.2224066138E+01    0.6615929805E+00
          59    0.7458197059E+00   -0.2015785042E+01   -0.2866676261E+00
          60    0.7443779531E+00   -0.2022454652E+01   -0.7687563716E+00
          61    0.5797261281E+00   -0.1826518791E+01    0.1701685461E+00
          62    0.1416951393E+03   -0.1408959717E+03   -0.6210718706E+02
          63    0.3833720426E+02   -0.3754004336E+02    0.5347093480E+01
          64    0.7950762262E+00    0.5304590922E+01    0.1590715516E+01
          65    0.7965315107E+00    0.2232490095E+02    0.7184704560E+01
          66    0.7944908032E+00    0.1431760217E+01    0.3506763058E+01
          67    0.1342029930E+02   -0.1261900601E+02    0.6995574860E-01
          68    0.7927365973E+00    0.3726414858E+01   -0.2243141443E+01
          69    0.7988260083E+00    0.4501657366E+01    0.6951736058E+00
          70    0.7966402551E+00    0.1403311033E+01   -0.1193359552E+01
          71    0.2718562133E+01    0.1981972168E+02   -0.6179757320E+01
          72    0.2057158914E+01    0.1230678108E+01   -0.1257425057E+01
          73    0.4334715172E+01    0.3025708184E+01   -0.2617941563E+01
          74    0.4285790239E+01    0.9798458025E+00   -0.2720236626E+01
          75    0.1183103853E+01    0.4134620856E+00   -0.4206609661E+00
          76    0.8728992195E+00    0.1251615069E+01   -0.4618731448E+00
          77    0.8638130986E+00    0.2186785539E+01   -0.1843928258E+01
          78    0.9598375171E+00    0.4373933508E+00   -0.1624012457E+00
          79    0.8357333666E+00    0.7383786630E+00   -0.7372699286E+00
          80    0.8352575806E+00    0.3912537928E+00   -0.1436472837E+00
          81    0.8266497769E+00    0.3212061607E+00   -0.3190444824E+00
          82    0.8256157039E+00   -0.5655132950E-01    0.4240797544E+00
          83    0.8220928649E+00    0.3905097207E+00   -0.1408271240E+00
          84    0.8185701176E+00    0.5659947677E+00   -0.5628993170E+00
          85    0.8187205619E+00    0.3877592523E+00   -0.4565899895E+00
          86    0.8172240464E+00   -0.1741647432E+00    0.4826512458E+00
          87    0.8173862493E+00   -0.1805276508E+00    0.4225581950E+00
          88    0.8162209538E+00   -0.2535434847E+00    0.6988752883E+00
          89    0.8197860308E+00    0.1224367001E+01   -0.1449693145E+01
          90    0.8071772617E+00    0.6502160207E+00   -0.1759904834E+01
          91    0.1796947872E+01    0.1012796645E-02   -0.1140500890E-01
